1.5 7 2 1 2.0 6 5 0 0
10.0 25 4 0 13.0 27 7 0 0
1.5 11 1 0 2.0 9 1 1 0
10.0 24 7 0 13.0 22 4 1 1
10.0 27 7 0 13.0 29 4 0 1
5.0 16 6 0 7.0 14 3 1 1
5.0 17 6 0 7.0 19 3 1 1
5.0 19 3 1 7.0 20 6 0 0
5.0 17 3 1 7.0 19 6 0 0
1.5 8 2 0 2.0 9 5 1 0
10.0 24 7 1 13.0 22 4 0 1
5.0 19 2 0 7.0 20 2 0 0
5.0 19 6 0 7.0 20 3 0 1
1.5 8 5 0 2.0 9 2 1 1
10.0 24 3 0 13.0 22 3 1 0
1.5 8 2 0 2.0 9 5 0 0
5.0 16 6 1 7.0 14 3 0 1
10.0 25 4 0 13.0 27 7 1 0
1.5 11 2 0 2.0 9 5 1 0
5.0 19 2 0 7.0 20 2 1 0
10.0 27 4 0 13.0 29 7 0 0
10.0 25 3 1 13.0 27 3 0 0
10.0 24 4 0 13.0 22 7 0 0
10.0 27 4 1 13.0 29 7 0 0
1.5 8 1 1 2.0 9 1 0 1
10.0 24 4 1 13.0 22 7 0 0
10.0 27 3 1 13.0 29 3 0 1
10.0 24 3 0 13.0 22 3 0 1
1.5 8 5 0 2.0 9 2 0 1
5.0 17 2 0 7.0 19 2 0 0
5.0 17 3 0 7.0 19 6 1 0
1.5 11 2 0 2.0 9 5 0 0
5.0 19 6 1 7.0 20 3 0 1
5.0 19 3 0 7.0 20 6 1 0
10.0 24 4 0 13.0 22 7 1 0
1.5 11 5 0 2.0 9 2 0 1
5.0 17 2 0 7.0 19 2 1 0
1.5 7 1 0 2.0 6 1 0 1
10.0 25 7 0 13.0 27 4 1 1
1.5 7 5 0 2.0 6 2 1 1
1.5 11 5 0 2.0 9 2 1 1
10.0 25 3 0 13.0 27 3 0 0
5.0 17 3 0 7.0 19 6 0 0
5.0 16 3 1 7.0 14 6 0 0
5.0 16 3 0 7.0 14 6 0 0
1.5 7 1 1 2.0 6 1 0 1
5.0 17 6 1 7.0 19 3 0 1
10.0 24 3 1 13.0 22 3 0 1
1.5 11 1 1 2.0 9 1 0 1
5.0 16 2 1 7.0 14 2 0 1
5.0 16 3 0 7.0 14 6 1 0
10.0 25 7 0 13.0 27 4 0 1
1.5 7 5 0 2.0 6 2 0 1
5.0 17 6 0 7.0 19 3 0 0
5.0 19 2 1 7.0 20 2 0 1
10.0 27 7 1 13.0 29 4 0 1
10.0 27 4 0 13.0 29 7 1 0
10.0 25 4 1 13.0 27 7 0 0
1.5 11 5 1 2.0 9 2 0 1
1.5 7 1 0 2.0 6 1 1 0
1.5 7 2 0 2.0 6 5 1 0
5.0 16 2 0 7.0 14 2 1 1
5.0 16 6 0 7.0 14 3 0 1
10.0 25 3 0 13.0 27 3 1 0
10.0 27 3 0 13.0 29 3 1 0
5.0 16 2 0 7.0 14 2 0 1
1.5 8 1 0 2.0 9 1 1 0
1.5 7 5 1 2.0 6 2 0 1
10.0 24 7 0 13.0 22 4 0 1
1.5 8 5 1 2.0 9 2 0 1
5.0 19 6 0 7.0 20 3 1 1
1.5 8 2 1 2.0 9 5 0 0
5.0 17 2 1 7.0 19 2 0 1
10.0 27 7 0 13.0 29 4 1 1
1.5 11 2 1 2.0 9 5 0 1
10.0 25 7 1 13.0 27 4 0 1
5.0 19 3 0 7.0 20 6 0 0
1.5 7 2 0 2.0 6 5 0 0
1.5 11 1 0 2.0 9 1 0 1
10.0 27 3 0 13.0 29 3 0 0
1.5 8 1 0 2.0 9 1 0 0
