	Distance1	Travel time1	Difference1	Maximum TT1	Fcost1	Stops1	Distance2	Travel time2	Difference2	Maximum TT2	Fcost2	Stops2	Gender	Choice
1	8	15.48387097	5.883870968	21.36774194	0.740740741	10	8.8	16.86486486	1.349189189	18.21405405	0.6875	9	0	1
2	20	52.17391304	19.82608696	72	1.5625	10	22	60	10.8	70.8	2.037037037	9	0	0
3	8	15.48387097	5.883870968	21.36774194	0.740740741	15	8.8	16.86486486	2.023783784	18.88864865	0.814814815	15	0	0
4	20	52.17391304	19.82608696	72	1.5625	20	22	60	7.2	67.2	1.71875	4	0	1
5	8	15.48387097	5.883870968	21.36774194	0.740740741	20	8.8	16.86486486	3.035675676	19.90054054	1	4	0	0
6	20	52.17391304	19.82608696	72	1.5625	15	22	60	4.8	64.8	2.5	15	0	1
7	8	20.86956522	8.973913043	29.84347826	0.909090909	10	8.8	24	1.92	25.92	0.6875	15	0	1
8	20	38.70967742	15	53.70967742	2.272727273	10	22	42.16216216	7.589189189	49.75135135	2.037037037	4	0	0
9	8	20.86956522	8.973913043	29.84347826	0.909090909	20	8.8	24	4.32	28.32	1	9	0	0
10	20	38.70967742	15	53.70967742	2.272727273	20	22	42.16216216	5.059459459	47.22162162	1.71875	15	0	0
11	15	23.07692308	8.769230769	31.84615385	1.704545455	20	16.5	21.27272727	9	30.27272727	1.527777778	4	0	0
12	20	38.70967742	9.677419355	48.38709677	2.272727273	15	22	42.16216216	3.372972973	45.53513514	2.5	9	0	0
13	15	23.07692308	8.769230769	31.84615385	1.704545455	10	16.5	21.27272727	10	31.27272727	1.875	9	0	0
14	20	30.76923077	13.23076923	44	1.851851852	10	22	28.36363636	12	40.36363636	2.037037037	15	0	1
15	15	23.07692308	8.769230769	31.84615385	1.704545455	15	16.5	21.27272727	11	32.27272727	1.2890625	15	0	0
16	20	30.76923077	13.23076923	44	1.851851852	15	22	28.36363636	8	36.36363636	2.5	4	0	0
17	15	29.03225806	12.48387097	41.51612903	1.171875	20	16.5	31.62162162	2.52972973	34.15135135	1.527777778	9	0	0
18	15	39.13043478	9.782608696	48.91304348	1.388888889	15	16.5	45	8.1	53.1	1.2890625	9	0	1
19	15	29.03225806	12.48387097	41.51612903	1.171875	10	16.5	31.62162162	6	37.62162162	1.875	15	0	1
20	15	39.13043478	9.782608696	48.91304348	1.388888889	10	16.5	45	5.4	50.4	1.875	4	0	1
21	15	29.03225806	12.48387097	41.51612903	1.171875	15	16.5	31.62162162	7	38.62162162	1.2890625	4	0	0
22	15	39.13043478	13	52.13043478	1.388888889	20	16.5	45	3.6	48.6	1.527777778	15	0	1
23	8	12.30769231	3.076923077	15.38461538	0.625	10	8.8	11.34545455	3	14.34545455	0.6875	4	0	0
24	8	12.30769231	1	13.30769231	0.625	15	8.8	11.34545455	1.361454545	12.70690909	0.814814815	9	0	0
25	8	12.30769231	2	14.30769231	0.625	20	8.8	11.34545455	4	15.34545455	1	15	0	0
26	8	13.71428571	4.114285714	17.82857143	0.625	10	9.6	12.4137931	5	17.4137931	0.75	4	0	0
27	20	60	24	84	1.5625	20	24	69.23076923	13.84615385	83.07692308	1.875	4	0	0
28	8	13.71428571	4.114285714	17.82857143	0.625	15	9.6	12.4137931	6	18.4137931	0.888888889	9	0	0
29	20	60	24	84	1.5625	15	24	69.23076923	6.923076923	76.15384615	2.727272727	15	0	1
30	8	13.71428571	4.114285714	17.82857143	0.625	20	9.6	12.4137931	7	19.4137931	1.090909091	15	0	0
31	20	42.85714286	12.85714286	55.71428571	2.272727273	20	24	48.64864865	9.72972973	58.37837838	1.875	15	0	0
32	8	17.14285714	6.857142857	24	0.740740741	10	9.6	19.45945946	1.945945946	21.40540541	0.75	9	0	0
33	20	42.85714286	12.85714286	55.71428571	2.272727273	15	24	48.64864865	4.864864865	53.51351351	2.727272727	9	0	1
34	8	17.14285714	6.857142857	24	0.740740741	15	9.6	19.45945946	3.891891892	23.35135135	0.888888889	15	0	1
35	20	34.28571429	15.42857143	49.71428571	1.851851852	10	24	31.03448276	18	49.03448276	2.222222222	15	0	1
36	8	17.14285714	6.857142857	24	0.740740741	20	9.6	19.45945946	5.837837838	25.2972973	1.090909091	4	0	0
37	20	34.28571429	15.42857143	49.71428571	1.851851852	20	24	31.03448276	15	46.03448276	1.875	9	0	0
38	8	24	10.8	34.8	0.909090909	10	9.6	27.69230769	2.769230769	30.46153846	0.75	15	0	1
39	20	34.28571429	15.42857143	49.71428571	1.851851852	15	24	31.03448276	12	43.03448276	2.727272727	4	0	0
40	8	24	10.8	34.8	0.909090909	15	9.6	27.69230769	5.538461538	33.23076923	0.888888889	4	0	0
41	15	45	13.5	58.5	1.388888889	10	18	51.92307692	10.38461538	62.30769231	2.045454545	4	0	1
42	8	24	10.8	34.8	0.909090909	20	9.6	27.69230769	8.307692308	36	1.090909091	9	0	0
43	15	45	16	61	1.388888889	20	18	51.92307692	5.192307692	57.11538462	1.666666667	15	0	0
44	15	25.71428571	10.28571429	36	1.704545455	10	18	23.27586207	11	34.27586207	2.045454545	9	0	0
45	15	32.14285714	14.46428571	46.60714286	1.171875	15	18	36.48648649	10.94594595	47.43243243	1.40625	4	0	0
46	15	32.14285714	14.46428571	46.60714286	1.171875	20	18	36.48648649	3.648648649	40.13513514	1.666666667	9	0	1
47	15	32.14285714	14.46428571	46.60714286	1.171875	10	18	36.48648649	7.297297297	43.78378378	2.045454545	15	0	0
48	8	13.33333333	3.333333333	16.66666667	0.625	10	10.4	12.19047619	3	15.19047619	0.8125	4	0	0
49	20	60	22.8	82.8	1.5625	10	26	68.57142857	13.71428571	82.28571429	2.407407407	9	0	1
50	8	13.33333333	3.333333333	16.66666667	0.625	15	10.4	12.19047619	6	18.19047619	0.962962963	9	0	0
51	20	60	22.8	82.8	1.5625	20	26	68.57142857	10.28571429	78.85714286	2.03125	4	0	0
52	8	13.33333333	2	15.33333333	0.625	20	10.4	12.19047619	2.438095238	14.62857143	1.181818182	15	0	0
53	20	60	22.8	82.8	1.5625	15	26	68.57142857	3.428571429	72	2.954545455	15	0	1
54	8	16	6.08	22.08	0.740740741	10	10.4	19.2	0.96	20.16	0.8125	9	0	0
55	20	40	10	50	2.272727273	20	26	48	7.2	55.2	2.03125	15	0	0
56	8	16	6.08	22.08	0.740740741	15	10.4	19.2	2.88	22.08	0.962962963	15	0	1
57	20	40	16	56	2.272727273	15	26	48	2.4	50.4	2.954545455	9	0	1
58	8	16	6.08	22.08	0.740740741	20	10.4	19.2	3.84	23.04	1.181818182	4	0	0
59	20	33.33333333	10	43.33333333	1.851851852	10	26	30.47619048	8	38.47619048	2.407407407	15	0	0
60	8	24	10.8	34.8	0.909090909	10	10.4	27.42857143	1.371428571	28.8	0.8125	15	0	1
61	20	33.33333333	10	43.33333333	1.851851852	20	26	30.47619048	13	43.47619048	2.03125	9	0	0
62	8	24	10.8	34.8	0.909090909	15	10.4	27.42857143	4.114285714	31.54285714	0.962962963	4	0	0
63	20	33.33333333	10	43.33333333	1.851851852	15	26	30.47619048	9	39.47619048	2.954545455	4	0	0
64	8	24	10.8	34.8	0.909090909	20	10.4	27.42857143	5.485714286	32.91428571	1.181818182	9	0	0
65	15	45	11.25	56.25	1.388888889	10	19.5	51.42857143	7.714285714	59.14285714	2.215909091	4	0	1
66	15	25	9.5	34.5	1.704545455	20	19.5	22.85714286	9	31.85714286	1.805555556	4	0	0
67	15	45	13	58	1.388888889	20	19.5	51.42857143	2.571428571	54	1.805555556	15	0	0
68	15	25	9.5	34.5	1.704545455	10	19.5	22.85714286	7	29.85714286	2.215909091	9	0	0
69	15	30	13.5	43.5	1.171875	15	19.5	36	7.2	43.2	1.5234375	4	0	0
70	15	30	13.5	43.5	1.171875	10	19.5	36	5.4	41.4	2.215909091	15	0	1
71	15	30	13.5	43.5	1.171875	20	19.5	36	1.8	37.8	1.805555556	9	0	0
72	8	15.48387097	5.883870968	21.36774194	0.740740741	20	8.8	16.86486486	3.035675676	19.90054054	1	4	0	0
73	8	17.14285714	6.857142857	24	0.740740741	20	9.6	19.45945946	5.837837838	25.2972973	1.090909091	4	0	0
74	8	16	6.08	22.08	0.740740741	20	10.4	19.2	3.84	23.04	1.181818182	4	0	0
