9.5 24 30 11 10.0 24 29 7 1
15.0 29 33 11 17.0 32 33 10 1
21.0 43 47 16 23.0 43 44 20 0
9.5 21 30 8 10.0 24 29 12 0
9.5 21 28 7 10.0 24 25 6 0
15.0 29 38 12 17.0 32 37 16 0
15.0 29 33 11 17.0 32 33 10 1
9.5 24 25 11 10.0 24 25 7 1
21.0 40 49 19 23.0 43 48 15 1
21.0 40 44 19 23.0 43 44 15 1
15.0 29 33 15 17.0 32 33 11 1
9.5 27 28 11 10.0 26 25 7 1
15.0 32 33 15 17.0 32 33 11 1
15.0 35 36 11 17.0 34 33 10 1
15.0 32 36 12 17.0 32 33 16 0
15.0 29 33 12 17.0 32 33 16 0
15.0 29 38 15 17.0 32 37 11 1
15.0 32 36 11 17.0 32 33 10 1
9.5 24 25 8 10.0 24 25 12 0
15.0 32 38 12 17.0 32 37 16 0
21.0 47 49 15 23.0 46 48 14 1
15.0 32 33 12 17.0 32 33 16 0
21.0 40 49 16 23.0 43 48 20 0
15.0 35 36 15 17.0 34 33 11 1
15.0 29 38 11 17.0 32 37 10 0
21.0 43 47 15 23.0 43 44 14 1
15.0 32 38 11 17.0 32 37 10 1
21.0 40 49 15 23.0 43 48 14 0
9.5 24 28 7 10.0 24 25 6 1
15.0 29 36 11 17.0 32 33 10 0
15.0 32 36 15 17.0 32 33 11 1
9.5 24 25 7 10.0 24 25 6 1
15.0 29 36 15 17.0 32 33 11 1
21.0 43 44 16 23.0 43 44 20 0
21.0 43 49 16 23.0 43 48 20 0
9.5 21 25 11 10.0 24 25 7 1
15.0 29 36 12 17.0 32 33 16 0
9.5 21 25 7 10.0 24 25 6 0
21.0 40 44 16 23.0 43 44 20 0
21.0 47 49 19 23.0 46 48 15 1
21.0 40 47 19 23.0 43 44 15 1
9.5 27 28 8 10.0 26 25 12 0
21.0 47 49 16 23.0 46 48 20 0
15.0 32 38 15 17.0 32 37 11 1
21.0 43 49 15 23.0 43 48 14 1
21.0 43 47 19 23.0 43 44 15 1
21.0 40 44 15 23.0 43 44 14 0
9.5 24 30 8 10.0 24 29 12 0
21.0 43 44 15 23.0 43 44 14 1
9.5 21 25 8 10.0 24 25 12 0
9.5 24 30 7 10.0 24 29 6 1
21.0 40 47 15 23.0 43 44 14 1
9.5 24 28 11 10.0 24 25 7 1
21.0 43 44 19 23.0 43 44 15 1
15.0 35 36 12 17.0 34 33 16 1
21.0 40 47 16 23.0 43 44 20 0
9.5 21 28 11 10.0 24 25 7 1
9.5 24 28 8 10.0 24 25 12 0
9.5 21 30 11 10.0 24 29 7 1
9.5 21 30 7 10.0 24 29 6 0
9.5 27 28 7 10.0 26 25 6 1
21.0 43 49 19 23.0 43 48 15 1
9.5 21 28 8 10.0 24 25 12 0
